Meas, V1, V2, V3, V4
0, 0.000915178, 0.005808197, 0.003817725, 0.001456977
1, -0.003430198, 0.015095191, 0.011557470, -0.004132811
2, -0.000319786, 0.013107829, 0.027767023, 0.015876076
3, 0.019321645, -0.000437696, 0.016036071, 0.024291369
4, -0.017108380, 0.034267303, -0.006208318, -0.012990963
5, 0.013965872, 0.030426799, -0.015859555, 0.038411559
6, 0.025242524, 0.005806247, -0.000338164, 0.013742573
7, 0.031451351, 0.004216630, 0.022719415, -0.012724339
8, 0.004037376, 0.032550696, -0.003787033, -0.004542525
9, -0.009621651, 0.002266557, 0.009050786, -0.004190589
10, 0.005901220, -0.006478596, -0.007818420, -0.003199496
11, 0.038708850, 0.011759835, 0.011300528, -0.000444021
12, 0.005331231, 0.020840381, 0.014228044, 0.004790751
13, -0.011843961, 0.021232299, 0.022461035, 0.038352386
14, 0.012416511, -0.008016144, 0.012039660, 0.019923002
15, -0.005673818, 0.037566729, 0.010532973, 0.002229827
16, 0.032219695, 0.017329608, 0.020279334, 0.027291312
17, -0.006806607, 0.024863885, -0.015560445, 0.013217462
18, -0.004910100, 0.008379555, 0.018481442, 0.002345672
19, 0.029076030, 0.037647420, 0.028280852, 0.002951620
20, -0.011492126, 0.029211328, 0.012819517, -0.015106145
21, 0.034988926, 0.033733172, 0.037229497, -0.017957259
22, 0.019899299, 0.024390622, 0.028010060, 0.013679942
23, -0.015345271, 0.015273495, 0.020929800, 0.012587949
24, 0.040770460, 0.004841703, 0.027827618, 0.018595673
25, 0.040885377, -0.020030942, 0.026455117, -0.000937887
26, 0.018417448, 0.003689352, 0.003900555, -0.001390070
27, 0.030772061, 0.037985070, 0.013765206, 0.003144934
28, -0.001739281, 0.003840530, 0.006081315, -0.002158090
29, -0.002554556, -0.008776896, 0.010343178, 0.026828542
30, -0.013536889, 0.034291375, 0.035011285, 0.029805799
31, 0.023983621, 0.002085118, -0.001007334, 0.018031910
32, 0.028707532, -0.013753256, 0.028239261, -0.013966553
33, 0.000540686, 0.012357934, -0.005337952, -0.004559003
34, 0.023817831, 0.017490031, -0.010458665, -0.004822482
35, 0.014863992, -0.015142484, 0.024555333, 0.030932012
36, 0.027616573, 0.021741857, -0.000594216, 0.023232090
37, 0.034569775, -0.002853468, 0.019749340, -0.012725198
38, -0.013840430, 0.008226670, 0.021864291, 0.012973261
39, 0.017797468, -0.000277714, -0.010101524, -0.007696264
40, 0.000579082, -0.013120167, 0.014063059, 0.015222758
41, 0.026988424, -0.016811460, 0.040769859, 0.001806537
42, 0.015569780, 0.024467843, -0.001992403, 0.018290302
43, 0.003261264, -0.011848368, -0.009310680, 0.006941059
44, 0.031835024, -0.001277729, 0.011716496, 0.023632736
45, 0.003410368, 0.034489315, 0.035013875, -0.003750064
46, 0.021960130, -0.012211018, 0.022922657, 0.004390297
47, 0.015116696, 0.032374926, 0.025141223, 0.037418328
48, 0.023201510, -0.000624259, -0.013353783, -0.015354075
49, -0.014278786, -0.007519642, -0.014066630, -0.012469046
50, -0.006836276, -0.011007921, 0.031391195, 0.005520359
51, -0.004417047, -0.014960846, 0.027674588, 0.006778321
52, 0.000119804, -0.013150297, 0.014136178, -0.005589871
53, -0.009381580, 0.034467254, 0.004389874, 0.017402666
54, -0.004968871, -0.008269069, 0.020455856, 0.011830791
55, 0.025052593, -0.012430336, 0.022460330, -0.010248272
56, 0.019302412, -0.019947954, 0.002058367, 0.016132542
57, 0.016832197, -0.015580356, 0.036606353, 0.026575606
58, 0.017133466, -0.001505089, 0.020479759, 0.003965132
59, 0.038329414, -0.000980257, 0.029501306, 0.030182699
60, 0.031513856, 0.016730590, 0.013609933, 0.000202837
61, 0.039622768, 0.016221860, 0.016658243, -0.016092469
62, 0.011151660, 0.026172539, 0.029383202, 0.011337672
63, 0.004825888, 0.031853566, 0.021955624, 0.039192013
64, -0.013498433, 0.002267491, -0.000023877, -0.013382988
65, -0.015030608, 0.010200272, 0.022798697, -0.011741921
66, 0.002799529, -0.010828283, -0.003524922, 0.034684158
67, 0.016622724, 0.012976553, 0.014272295, 0.023051845
68, -0.014251241, 0.007067367, 0.022456175, -0.012462811
69, -0.003309578, 0.003862581, -0.001256762, 0.033423454
70, -0.006729977, -0.007667253, -0.014524639, 0.035376181
71, 0.032565806, 0.021728340, 0.013683942, 0.032748183
72, -0.007069807, 0.040230533, -0.008362546, 0.018149432
73, -0.012304505, 0.012362800, 0.036600034, -0.000206517
74, 0.033483541, 0.020278397, 0.008298287, -0.003382613
75, 0.024742447, 0.022915393, 0.011567201, 0.023148725
76, 0.003629059, 0.033497827, 0.003205973, -0.006612458
77, 0.021918159, 0.018043049, 0.013349596, 0.015847598
78, -0.004445136, 0.022101018, -0.011908789, -0.012299664
79, -0.002613850, 0.019260874, 0.018254791, -0.006319666
80, 0.011530652, 0.018430214, 0.027100686, 0.037870651
81, 0.002371084, 0.014453939, 0.021623235, 0.007144550
82, -0.012669324, 0.006790620, 0.026126654, 0.026822516
83, 0.011308009, 0.019397553, 0.010489445, -0.014916978
84, -0.002342222, 0.030040781, 0.024560579, -0.005690561
85, 0.017530696, -0.007747905, 0.024827745, 0.012723431
86, -0.010259423, 0.016037928, 0.004069558, 0.024035267
87, 0.015905461, 0.018992893, 0.012396362, 0.034526392
88, 0.006922507, 0.003846018, 0.003259807, 0.009105936
89, 0.004646690, 0.018903890, 0.011060717, -0.000663919
90, 0.037792126, 0.035932299, 0.024000263, 0.002948054
91, 0.027445522, 0.006509807, -0.007871705, -0.004685057
92, -0.010267677, 0.005658760, -0.001461822, -0.003971845
93, 0.012528983, 0.007161094, 0.026066885, -0.000831710
94, -0.014074400, -0.013417257, 0.018952726, -0.013021847
95, 0.024876098, -0.007198872, 0.025788736, -0.007577488
96, -0.010295874, -0.002787626, 0.006358743, 0.009449302
97, 0.027029795, 0.029567277, 0.009765177, 0.026380949
98, 0.007398725, -0.001355470, -0.016604783, 0.018756610
99, 0.032200038, -0.011555248, -0.018223728, 0.001640297
100, -0.005469620, -0.003789943, 0.008232360, 0.001571906
101, 0.011609925, -0.016710951, 0.009726779, 0.003867661
102, -0.014877207, 0.038748895, 0.039637152, 0.024736300
103, 0.009265087, 0.040566884, 0.013228334, 0.022685388
104, 0.029814182, 0.023307635, 0.009204051, -0.014243850
105, 0.025859453, 0.000290780, 0.039568060, 0.005963356
106, 0.019624059, -0.003581222, 0.019699802, 0.032048562
107, -0.019359977, 0.030189091, -0.000443622, -0.012706949
108, 0.008300105, -0.006847498, 0.004055866, -0.012496006
109, 0.029173177, 0.024201603, -0.005406909, 0.008810175
110, 0.022007846, -0.006925212, 0.023766467, 0.016571088
111, -0.016594676, 0.033693241, 0.003470488, 0.006487135
112, 0.016237238, 0.003590665, -0.007784707, 0.000864245
113, 0.005061930, -0.005540834, 0.000045021, 0.019378828
114, 0.034092120, 0.031527400, 0.036303845, 0.023816734
115, 0.006640998, 0.011334217, -0.006350725, 0.012129230
116, 0.037039773, -0.008401902, 0.037608414, 0.003589186
117, 0.024414643, -0.006107400, 0.011628889, -0.003724218
118, -0.004803352, 0.009036788, -0.000281805, 0.032331578
119, -0.015081407, 0.033872182, -0.011739599, 0.016054272
120, -0.009922665, -0.017894815, 0.024398357, 0.023506364
121, -0.010508033, 0.029788940, -0.000661689, 0.027811231
122, 0.007398724, -0.009472548, -0.013205965, 0.023107696
123, 0.000475827, 0.004211540, -0.003230560, 0.008105537
124, 0.024857866, 0.011385443, 0.025457249, -0.008073658
125, -0.019489706, 0.031362559, 0.007401148, -0.004572113
126, 0.025411401, 0.016176042, 0.018160010, -0.009495905
127, 0.011798503, 0.028565749, -0.007222755, 0.010013613
128, 0.038194983, 0.003141689, -0.000494815, 0.006434013
129, -0.014439825, 0.038089646, 0.025762404, -0.006582435
130, -0.010422804, 0.025276916, 0.016121077, 0.010075321
131, 0.035092803, 0.019849129, 0.031615267, -0.010039932
132, 0.033058845, 0.025373828, 0.006011162, -0.001733884
133, -0.008085863, 0.018960808, 0.004046518, -0.002420229
134, -0.016300698, 0.008576196, 0.020457157, 0.025307215
135, -0.010687724, 0.028952823, 0.031291353, -0.009527560
136, 0.000760872, 0.033840821, 0.013615777, 0.035119511
137, 0.001776976, 0.030773106, -0.008173270, 0.019454005
138, 0.007938226, 0.013242047, 0.033262591, 0.041057152
139, 0.022661701, 0.001616412, 0.012786607, 0.031992181
140, -0.005648383, 0.019574374, 0.004116537, 0.027630382
141, 0.002628421, 0.004943786, 0.035545070, 0.027076954
142, 0.028353573, 0.023191962, 0.031242058, 0.013310304
143, -0.017656256, 0.029317956, -0.010450374, 0.032469644
144, -0.015094254, 0.003500581, 0.036353216, -0.002767558
145, 0.019357953, -0.004381490, 0.005302858, 0.004691624
146, 0.030738836, 0.024734384, 0.009416665, 0.022606342
147, 0.027529686, 0.005881903, 0.030210609, 0.031855521
148, -0.014561652, -0.005900121, 0.015814362, 0.014667410
149, 0.038231515, 0.027424592, -0.008295734, 0.030919935
150, -0.013629348, -0.003827801, -0.008909288, 0.017179919
151, 0.021108420, -0.007689675, -0.007164122, -0.013230186
152, -0.010202547, 0.011111824, 0.003568956, 0.006071359
153, -0.011722927, -0.006977617, 0.019394152, 0.002248297
154, 0.003935234, -0.017364532, 0.016528144, 0.019046222
155, 0.029406017, -0.009336728, 0.021249324, 0.028979503
156, 0.024363017, 0.025570656, -0.012881636, 0.033053134
157, 0.010562187, 0.021547971, -0.015387261, 0.007517840
158, -0.007929268, 0.027024515, 0.011441171, 0.018898427
159, -0.017693000, -0.001953529, 0.001715620, 0.012199862
160, 0.009486721, -0.008199743, 0.001020084, 0.034061075
161, 0.012600519, 0.001723146, 0.030980181, -0.011417573
162, -0.014480576, -0.003891845, 0.004871945, 0.001285598
163, 0.021321100, -0.000001692, -0.005932878, 0.001874605
164, 0.019569292, -0.014846895, -0.004048576, 0.028518397
165, 0.004898280, 0.014763123, -0.003284591, 0.030273585
166, 0.023510063, 0.030751520, 0.028440184, 0.028656594
167, 0.003782883, -0.009833155, 0.038234091, 0.003274794
168, -0.007853908, -0.007052437, -0.013387293, 0.034708245
169, -0.009231438, -0.008527823, 0.010562709, 0.031794483
170, 0.039542847, 0.009082336, 0.032808109, 0.033164179
171, 0.021242364, 0.008538719, -0.006330958, -0.009787451
172, -0.013322956, 0.015143850, -0.005333402, -0.010650861
173, 0.002327258, -0.005825195, 0.013331185, 0.019647228
174, 0.025569176, 0.019702532, 0.019800376, 0.036134747
175, 0.018580635, 0.026339645, 0.021268372, 0.017931971
176, -0.010923627, 0.034011648, 0.022668942, 0.006818408
177, -0.013310389, 0.021893649, 0.017928678, 0.035534278
178, 0.032776312, 0.032049289, 0.022386998, 0.028477480
179, 0.027199612, -0.000567428, -0.012441527, 0.028983449
180, 0.024454049, 0.032024165, -0.001861757, -0.000005550
181, 0.020853191, -0.004909669, -0.005982749, 0.029321982
182, -0.010320611, 0.008887987, -0.007494564, 0.030264716
183, 0.036824410, -0.009680936, -0.006628995, 0.037968198
184, -0.003173173, 0.038971924, 0.025683221, 0.002869070
185, 0.012299635, 0.005288233, 0.032686271, 0.015279062
186, 0.005112178, 0.026607451, 0.034943589, -0.013044499
187, 0.038317314, 0.005574431, -0.007668548, 0.008089037
188, 0.006454231, -0.005050214, -0.008271208, 0.035505094
189, -0.002485515, 0.037337844, 0.020041270, -0.005021070
190, 0.037185613, 0.013414277, 0.032787392, -0.004113410
191, -0.014180935, 0.012695241, -0.009317118, 0.034324576
192, 0.036820314, 0.001546838, 0.037035872, 0.019164124
193, 0.034600909, 0.020759716, 0.006340075, 0.002765862
194, -0.015647416, -0.011993944, -0.011736153, -0.017599213
195, 0.028099518, 0.026059142, 0.000213571, -0.002467877
196, 0.026396961, -0.001577720, 0.032698247, -0.015048475
197, 0.027930106, -0.006666099, -0.008580710, 0.013867808
198, 0.018090733, 0.021115978, 0.032763419, 0.018628612
199, 0.038234868, -0.015581133, 0.022984815, 0.020699987
200, 0.024930543, 0.021503382, -0.004583727, 0.038993189
201, -0.003987621, 0.033365556, 0.036593157, 0.023319220
202, 0.023024083, 0.004470595, 0.035497339, 0.033397208
203, -0.013839054, 0.013031435, -0.002766990, 0.022362824
204, 0.013652333, 0.037957524, 0.038333265, -0.020129474
205, 0.000217242, 0.004842496, -0.016748355, 0.023768221
206, 0.031713138, 0.020816404, 0.011562874, -0.005550607
207, 0.027362935, 0.030583604, 0.006285868, 0.009627561
208, 0.014170023, 0.030827979, 0.037145807, 0.014893995
209, 0.031204790, 0.011943219, 0.031265040, 0.016774848
210, 0.007667088, 0.026991765, -0.016329189, 0.005694083
211, 0.013547429, -0.006299387, 0.021998654, -0.012800139
212, 0.021062764, 0.034185950, -0.012236006, -0.001621665
213, 0.031098195, 0.006243131, 0.011396563, 0.008612302
214, 0.037649832, 0.022318470, 0.006249099, -0.018437254
215, 0.003661927, 0.007325312, -0.008809038, 0.010362576
216, 0.005008287, 0.031788486, 0.011200221, 0.005313671
217, 0.027134957, 0.016506024, 0.013139887, 0.030070873
218, -0.002352222, 0.003490608, -0.014700090, 0.020654778
219, 0.032798776, 0.003360923, -0.006565136, 0.009908178
220, 0.036992436, 0.017978029, 0.003005947, 0.021382836
221, -0.001104588, 0.037615282, 0.009888850, -0.007411451
222, 0.007139904, 0.013395043, -0.011520931, 0.007068766
223, 0.022173106, -0.005155674, 0.007633199, 0.037620401
224, 0.035683414, -0.006239366, 0.012576551, 0.022538054
225, 0.016263095, 0.031255452, 0.032380702, 0.024275701
226, -0.009820132, 0.011361654, 0.021141523, 0.034459644
227, 0.029450928, 0.029598021, 0.023963142, 0.010706549
228, 0.016963392, -0.006874856, 0.033429991, 0.021974941
229, 0.015260973, 0.026056042, 0.000350976, 0.010192297
230, -0.015079892, -0.012276520, 0.035070900, -0.000006030
231, -0.014539486, 0.035296149, 0.022675913, -0.012554916
232, 0.015365888, 0.007923389, -0.007876787, -0.004478050
233, 0.026484237, 0.019318177, 0.013323653, -0.008423623
234, 0.007119472, 0.017651015, 0.006435824, 0.016130362
235, 0.015737249, 0.033710071, 0.008725942, 0.018864321
236, 0.009846103, 0.019608045, 0.035020811, 0.024645457
237, -0.014740899, 0.027301272, 0.001102905, 0.035386229
238, -0.014656410, -0.009182942, 0.036609161, 0.015651354
239, 0.019793117, 0.032226949, 0.036625516, 0.037305633
240, 0.002499212, -0.005333321, 0.033128419, 0.007480561
241, 0.010640873, -0.000343583, 0.025564661, 0.029795762
242, 0.013503212, 0.036265124, 0.035018780, -0.007678401
243, -0.013475928, -0.003274481, 0.009196909, 0.004906273
244, 0.031128064, 0.005608195, 0.025250808, 0.014740046
245, -0.008650223, -0.008456933, -0.004222194, 0.032019195
246, 0.027703005, 0.002073769, 0.028202413, 0.015531777
247, 0.026748704, 0.031749222, -0.008801105, 0.004375763
248, 0.026688747, 0.016827700, 0.026584058, 0.037431861
249, 0.033876904, 0.020822344, -0.013344879, -0.015922483
250, 0.031797247, 0.017260540, 0.035125435, 0.021998275
251, -0.001024876, -0.016909337, 0.013279710, -0.013058434
252, 0.033787415, 0.005381992, -0.011623484, 0.022076734
253, 0.018774718, 0.019834704, 0.033474014, 0.011073237
254, -0.004343515, 0.024674103, -0.002206305, 0.035712762
255, -0.000348893, 0.033488754, 0.012923278, 0.013104135
256, 0.022697014, 0.036241264, 0.032986120, 0.028324350
257, 0.001227411, 0.025201492, -0.013881466, -0.007967542
258, 0.018679396, 0.030976223, 0.030520338, -0.010627478
259, 0.024989631, 0.040129516, 0.034249549, 0.006893829
260, 0.024554447, 0.000824811, -0.017527750, 0.002854900
261, 0.000629070, -0.011276178, 0.035320754, 0.006662854
262, 0.028104922, 0.011961982, 0.028678090, -0.007271520
263, 0.014998412, -0.001250461, 0.022123561, 0.010431387
264, 0.002352648, 0.028300101, 0.008449220, 0.008352052
265, 0.006217297, 0.006228701, -0.001526570, 0.034816224
266, -0.012556537, 0.010910854, -0.008053487, 0.008443859
267, -0.020183729, 0.041181956, 0.010947557, -0.003994056
268, -0.007746070, 0.011615910, 0.000475956, -0.009136014
269, 0.010158485, 0.008804218, 0.019433011, 0.032367418
270, -0.019976380, 0.002594680, 0.009458876, 0.000949233
271, -0.006857775, 0.001061850, 0.030338626, 0.021582199
272, 0.012588366, 0.006340485, 0.005471513, 0.003112496
273, 0.023160768, 0.010104840, 0.001697626, -0.010781431
274, 0.034042837, 0.015963378, -0.003465476, 0.032390517
275, -0.003878356, -0.005919664, -0.006219122, 0.017999840
276, 0.025279558, 0.010830254, 0.007847332, 0.009965295
277, 0.033295186, -0.013064996, 0.007256013, -0.009669965
278, 0.005043609, -0.011474401, -0.010831297, 0.005140258
279, 0.012107608, 0.028299947, -0.004045025, 0.008438886
280, 0.038250422, -0.013275045, -0.010666488, -0.001226331
281, 0.024859571, 0.029225458, 0.012769989, -0.012632183
282, 0.022700760, 0.027838917, 0.022525999, 0.018804243
283, 0.032897086, 0.032881035, -0.002369555, 0.026441033
284, 0.030014259, -0.018688673, 0.007470572, 0.040585002
285, -0.015030383, 0.026800963, 0.029608623, 0.016250398
286, 0.008084904, 0.017737649, -0.007537906, 0.033027928
287, 0.034547656, 0.004957939, -0.000590423, 0.003317078
288, 0.016580135, 0.000757458, 0.022729763, -0.011652765
289, -0.011244465, -0.004539481, -0.010393283, -0.002316065
290, 0.007251155, 0.024003649, -0.005456219, -0.016657486
291, 0.016519296, 0.014726354, 0.025438938, -0.015940950
292, 0.012231640, 0.033370571, -0.005744712, -0.011497354
293, 0.024869928, 0.024812251, 0.016378797, 0.010207092
294, -0.005975113, 0.015391020, 0.028884429, 0.034794104
295, 0.016502276, 0.032286695, 0.017534666, 0.019328118
296, 0.021578605, -0.019713625, -0.013676999, -0.001089270
297, -0.009169718, 0.034414676, 0.036943872, 0.012248676
298, 0.020125872, -0.011986771, 0.032885849, 0.010362556
299, -0.004370612, 0.006609751, 0.024839374, 0.030920873
300, 0.034783230, 0.000325932, 0.023915157, 0.038996291
301, -0.009096334, 0.034891519, 0.022334138, -0.019993851
302, -0.002119911, 0.018933786, 0.024449185, -0.002660594
303, 0.032313888, 0.020023639, 0.005272347, 0.009338582
304, 0.001794606, 0.035009927, 0.010390269, 0.036961253
305, 0.012893190, -0.005112473, 0.009187609, 0.024947390
306, 0.000520651, 0.026770181, 0.020237546, 0.011261922
307, 0.017069040, -0.016230826, -0.005128702, 0.037076469
308, 0.014058803, 0.016233587, 0.019904231, 0.007300760
309, 0.005619630, 0.015317600, 0.005494965, 0.005042015
310, 0.013816576, 0.006493793, 0.002186363, 0.014248389
311, -0.006882282, -0.003147922, 0.017333822, 0.006479295
312, -0.013254736, 0.030443505, 0.018751757, 0.013403326
313, -0.004481009, 0.004236363, 0.023349182, 0.022176354
314, 0.030414962, 0.027265757, 0.035078842, -0.002772874
315, 0.023854022, 0.019421625, -0.005116049, 0.030825560
316, 0.021524366, -0.015871020, 0.006592852, 0.035928764
317, 0.021104466, -0.001429281, 0.006790913, 0.016256484
318, 0.033095419, 0.018928524, -0.009571440, 0.027698812
319, -0.012194562, -0.000851277, 0.002912091, 0.032554114
320, 0.014598666, 0.001019029, 0.007624863, 0.017443584
321, -0.000690927, 0.028939549, 0.010992054, 0.005129343
322, 0.039244413, 0.036263447, 0.036197183, 0.022386422
323, 0.038390453, 0.023199310, 0.030024398, 0.008814778
324, -0.002873037, 0.014103474, 0.002535198, -0.018611203
325, 0.033759821, 0.023911751, 0.017611217, -0.000178064
326, 0.013271174, -0.001385671, 0.037841125, 0.030909936
327, -0.009920769, 0.023112159, 0.000066025, -0.013030315
328, -0.013631513, 0.007296917, 0.001843756, 0.021839522
329, 0.004536515, 0.032708017, 0.001783583, 0.021200425
330, 0.031228761, 0.028129001, 0.037218288, 0.002219842
331, 0.013929886, -0.013475512, 0.032867064, 0.008819474
332, 0.011075870, 0.037610240, 0.020367903, 0.023197501
333, -0.021154208, -0.006078409, 0.000420003, 0.010783328
334, 0.033520435, -0.006355282, 0.022410494, 0.037129842
335, -0.002624847, 0.010585322, -0.012710534, 0.035506189
336, 0.019259527, -0.009813946, -0.004450487, 0.010206853
337, 0.013015801, 0.037268340, -0.010388504, 0.022329952
338, -0.018805189, 0.005495213, 0.022290681, 0.023763584
339, 0.005483869, 0.018314267, 0.001729345, 0.031859438
340, 0.004813421, -0.013325397, -0.005825542, 0.036623280
341, 0.040776474, 0.001642843, -0.010145499, 0.013805547
342, 0.022622656, -0.018411678, 0.038798220, 0.000369498
343, 0.006945990, 0.036576002, 0.035523987, 0.011954747
344, -0.017205061, 0.001354311, 0.007245858, 0.020430769
345, 0.033689129, 0.004067086, 0.037019484, -0.002439511
346, -0.007176868, 0.037519597, 0.023553600, 0.016442646
347, 0.028229347, 0.037098933, 0.009945146, -0.016141979
348, 0.035651524, 0.003731817, -0.017976747, -0.012416254
349, 0.025303872, 0.017780843, -0.002104744, 0.000114057
350, 0.035549536, 0.021919847, 0.027930321, 0.031017074
351, -0.013017713, -0.005672388, 0.008254068, -0.009119600
352, 0.021183157, 0.026452353, 0.017735552, -0.009007751
353, 0.002416506, 0.019242052, 0.003317542, -0.007702105
354, 0.032226946, -0.008430847, 0.023191038, -0.010322485
355, -0.010354797, 0.025899805, 0.020832032, -0.013996877
356, -0.007953609, -0.003960031, 0.004035708, -0.001827354
357, 0.016958298, -0.015318491, 0.037381739, 0.012347419
358, 0.015779772, 0.027385722, 0.026381629, 0.014417901
359, 0.011205700, -0.008289223, 0.021511690, 0.016379588
360, 0.004652599, 0.006904445, -0.004564483, 0.004430133
361, -0.003789361, 0.000654931, 0.010998674, 0.009434365
362, 0.031768881, -0.007922232, 0.011640175, -0.003832295
363, 0.024576748, 0.019362436, 0.001322362, 0.000308220
364, 0.036634773, 0.014421965, 0.028221796, 0.028985649
365, 0.035191607, 0.006392949, 0.033623856, 0.039538349
366, 0.035623419, 0.009241824, 0.031184934, 0.006397301
367, 0.027620411, -0.009515860, -0.010287765, 0.002828896
368, 0.034678988, 0.011052360, 0.008264915, -0.016973300
369, 0.018722500, -0.012895299, 0.007580801, 0.027079004
370, 0.009935607, -0.003124461, 0.037211948, 0.011733084
371, -0.015451662, -0.000416634, 0.012638243, 0.029264091
372, 0.037237810, -0.013984783, 0.029498308, 0.009278669
373, 0.039002245, -0.002613298, 0.034698673, 0.028407538
374, -0.004149016, 0.004559865, -0.005662781, -0.007549795
375, 0.035635392, -0.003611768, -0.008699933, -0.003616404
376, -0.005765583, -0.003194935, 0.016163081, -0.015087227
377, 0.016430060, 0.002305600, 0.010624957, 0.038582946
378, -0.014423616, 0.029659024, -0.005318770, -0.014260450
379, -0.012172273, 0.010856193, -0.005649515, 0.021988739
380, 0.019417594, 0.010252242, 0.033010135, 0.012972476
381, -0.015473725, -0.009767443, 0.018833550, 0.036578144
382, -0.006841176, 0.001824020, 0.018325293, -0.002618803
383, -0.008581175, 0.008330223, -0.012179684, 0.033134182
384, 0.018958931, 0.004670325, 0.015327255, 0.013399963
385, -0.012594075, 0.013787556, 0.000674323, -0.006021022
386, -0.009012174, 0.003400384, 0.006867622, -0.008409355
387, -0.000014492, 0.027833290, 0.008351176, 0.017691305
388, 0.005661801, 0.037328344, 0.009424772, 0.026830336
389, 0.007397141, 0.009448018, -0.006218729, 0.029781160
390, 0.011900886, -0.014779527, 0.033046468, -0.000147303
391, -0.003395193, 0.008841594, -0.020252208, 0.038991109
392, -0.012226360, -0.007237543, 0.027648517, 0.030536740
393, 0.024569613, -0.017810763, 0.020518489, 0.006474967
394, -0.011509368, -0.007211643, -0.008695334, 0.039161719
395, 0.011251530, 0.019039409, -0.016747940, 0.008236914
396, 0.004924679, 0.020296067, 0.018771488, 0.018712622
397, 0.025544077, 0.034670527, 0.004354015, -0.003946104
398, 0.016806042, -0.003497773, 0.028986470, -0.002677388
399, 0.019525780, -0.010607610, -0.015142484, 0.030968297
400, 0.013010754, 0.003256023, 0.014554294, 0.021789676
401, 0.009232370, 0.015252244, 0.035377838, 0.037276154
402, 0.008337235, -0.017461818, -0.008991527, 0.028351142
403, 0.022470623, -0.010973787, -0.002454969, -0.010314706
404, 0.035672578, 0.014841455, -0.014191969, -0.017386490
405, 0.007320265, -0.007219398, -0.011741950, -0.008647489
406, 0.010452791, -0.019828438, 0.004771289, 0.039080098
407, -0.010345340, 0.004591828, 0.006196793, -0.013467646
408, 0.003697207, 0.027669154, 0.025346358, 0.010616572
409, 0.004959462, -0.002301820, -0.009667248, -0.008180433
410, -0.004671551, 0.031567657, 0.019661017, 0.014025024
411, 0.027493603, 0.036107022, 0.023544581, 0.017278588
412, 0.001770846, -0.004803925, -0.006233600, 0.024029432
413, -0.005826893, -0.001405168, 0.001922414, 0.013358627
414, 0.032192137, -0.014725367, 0.013581907, -0.000787013
415, 0.024379167, 0.015739884, 0.036308987, 0.022548582
416, -0.015664787, 0.022873119, 0.007254903, 0.033713006
417, 0.035566309, 0.015153996, 0.037919326, 0.001394010
418, 0.007794598, 0.017881479, -0.004916577, 0.017306727
419, 0.002135081, 0.006675385, -0.003678732, -0.001592326
420, 0.010818360, -0.001031889, 0.001005082, 0.024674551
421, 0.001006809, 0.033968270, 0.033080292, 0.000396059
422, 0.015648597, 0.025841360, 0.028374429, -0.001871529
423, 0.001248124, 0.009109022, 0.000016480, 0.034026839
424, 0.038750554, 0.019967212, 0.020491445, -0.006049038
425, 0.023601307, 0.027965019, 0.025125005, 0.009887077
426, 0.025294502, -0.000252444, -0.005622319, -0.016409473
427, -0.014530019, 0.008115697, 0.006522844, 0.017451442
428, 0.014927580, -0.012137036, 0.024525760, -0.003451661
429, -0.006104735, 0.029943184, 0.035773661, 0.005109803
430, 0.016707395, -0.011197269, 0.018356091, 0.013145648
431, -0.018886286, 0.022984408, 0.004288367, 0.039067840
432, 0.016777869, -0.011028828, 0.006421912, 0.010220629
433, -0.003014642, 0.022980254, 0.018714340, 0.030788035
434, -0.007239191, 0.007773514, -0.012974789, -0.008124435
435, 0.009366386, -0.007077854, -0.021938489, 0.018931129
436, 0.041154197, 0.012792549, -0.005627258, -0.000947123
437, 0.007513849, 0.018936184, 0.018227220, 0.014857619
438, 0.027106778, 0.031503085, 0.034697480, 0.005636031
439, -0.009969151, -0.006858758, -0.002415193, -0.000165952
440, 0.035583103, 0.033948418, 0.003578179, 0.029319733
441, 0.013046665, -0.018319492, -0.001061248, 0.015642991
442, 0.018867021, 0.011885223, -0.006368614, 0.025236533
443, 0.041732053, -0.007694052, -0.000760979, -0.003100628
444, 0.011905874, 0.031016557, 0.020962142, 0.026296208
445, -0.004913419, 0.010844625, 0.020903210, 0.004655472
446, -0.002182408, 0.010770420, 0.009566464, -0.008419642
447, -0.011522218, 0.021574824, -0.001021491, 0.010656771
448, -0.001103689, 0.016427189, 0.016980099, 0.037446395
449, 0.014250825, 0.023933626, 0.014144574, -0.005242735
450, -0.008082036, 0.032523486, -0.013141402, 0.022141981
451, 0.020610911, 0.009221404, 0.021805559, -0.002291601
452, 0.021007494, 0.007220738, -0.006355681, 0.033524190
453, 0.033574728, 0.001772301, -0.007004960, -0.009763889
454, 0.012955077, 0.031981026, -0.011162973, 0.005360369
455, 0.023382761, 0.025148479, 0.012778200, 0.001253035
456, -0.011960290, -0.004792581, 0.001259207, 0.036810273
457, -0.001833240, -0.018597645, -0.006601808, -0.000156494
458, -0.012097619, 0.004115475, 0.040562250, -0.015503950
459, 0.005179310, 0.021164719, 0.028918789, -0.008120373
460, -0.001609180, 0.020154014, 0.011443380, 0.006536677
461, 0.028003459, -0.010095565, 0.025520140, 0.022012091
462, 0.034871124, 0.028948932, 0.011937232, 0.001263066
463, 0.034030749, 0.021347236, 0.008383995, -0.002793147
464, 0.032052607, 0.020083453, -0.000681623, -0.007173126
465, 0.005354851, -0.004809423, 0.005862452, 0.035477857
466, -0.004127491, 0.015108194, 0.010190864, -0.010536640
467, 0.006717303, 0.011169642, 0.020136628, 0.019358008
468, 0.036499776, 0.001234597, 0.033763716, 0.026061486
469, 0.032216381, 0.015938847, 0.018156785, 0.031762522
470, 0.003330094, 0.031229550, 0.026289067, 0.024255430
471, 0.014962508, 0.031829424, -0.009227200, 0.017870772
472, -0.004916113, 0.016759961, 0.006696991, -0.003086751
473, 0.005307149, 0.022952024, 0.009664211, -0.006769409
474, 0.017889877, 0.006938579, 0.000832708, -0.009457866
475, 0.006870333, -0.009676859, -0.002520767, -0.017140889
476, 0.006356779, -0.006442812, 0.011430911, 0.029876481
477, 0.036213979, 0.040654714, 0.005539291, 0.000438440
478, 0.015054012, 0.026815141, 0.026584458, -0.001129897
479, 0.017415628, -0.006103298, 0.005282617, -0.011255098
480, 0.033183786, -0.017855171, -0.010033737, 0.021236818
481, -0.000444118, -0.010221895, 0.025284227, -0.012205554
482, -0.005598764, 0.015273886, 0.027211843, 0.019853312
483, 0.032708776, 0.017191892, -0.001402082, -0.017918397
484, 0.019192789, 0.003644232, 0.031639779, 0.010969173
485, 0.028116457, 0.029079642, 0.034196689, 0.003527727
486, -0.016422084, -0.002534849, 0.017203614, 0.015637504
487, 0.021239851, 0.021320248, -0.002915528, 0.032851123
488, 0.024210256, 0.021201951, 0.005513807, 0.026798868
489, 0.025735745, -0.004029702, 0.009765719, -0.006272267
490, 0.033316074, -0.012674890, 0.001569506, 0.031575214
491, 0.003375427, 0.013782753, 0.022124482, 0.006987106
492, 0.003272499, 0.037612649, -0.004224686, -0.012648206
493, 0.010567078, 0.033740891, 0.004505797, -0.008349654
494, 0.001652940, 0.035690327, -0.009444671, 0.026747380
495, 0.002359580, 0.011174743, 0.012577410, -0.001676876
496, 0.009988554, -0.008929467, 0.003204394, -0.003123452
497, -0.016909673, -0.007515646, 0.036660960, 0.003162841
498, -0.010596215, 0.011325715, 0.018116086, 0.013835891
499, 0.019788420, 0.009575890, 0.005694314, 0.020174633
500, 0.001700226, 0.008202925, -0.010779369, 0.016176994
501, 0.017974236, 0.023018004, -0.006231995, 0.016724251
502, -0.011929055, -0.004026711, 0.028209623, 0.020623275
503, -0.002188972, -0.001055442, 0.033618308, 0.009359376
504, 0.027529901, 0.015633976, 0.034874711, 0.028839755
505, 0.032551071, 0.018220569, -0.021834141, 0.035168216
506, 0.006626368, 0.019591099, -0.005811132, 0.005439203
507, 0.007251326, 0.025823756, 0.010008129, 0.036537642
508, 0.001210115, 0.007386791, 0.018833003, 0.008053062
509, -0.004628176, -0.009285515, -0.015977220, 0.019504859
510, -0.019089503, 0.012988886, 0.036372774, 0.008397363
511, 0.027741745, 0.019356319, 0.022831018, -0.010906413
512, 0.040529222, 0.013892478, -0.001617253, 0.027755077
513, 0.012748856, 0.018691435, -0.001874676, -0.001719334
514, -0.004413579, 0.019232679, 0.002971730, -0.004397304
515, 0.007448514, 0.008842998, 0.004844845, 0.033642736
516, -0.017516804, 0.020465897, 0.019717246, 0.031097705
517, 0.003570507, 0.036689318, 0.028724878, -0.009666712
518, 0.034532025, -0.010411126, -0.015948656, -0.014596066
519, 0.018506554, 0.031847229, 0.023348554, 0.008491292
520, 0.025726483, 0.024091030, 0.008265117, -0.009731194
521, -0.010930410, 0.021371352, 0.021028656, 0.035892947
522, 0.015983470, 0.033233593, 0.030851000, 0.032184828
523, -0.001419455, 0.020070730, 0.037348292, 0.022390493
524, 0.029878361, -0.004625965, -0.012034543, -0.001553553
525, 0.021664232, 0.015488774, 0.020745084, 0.004657476
526, 0.024740311, 0.022621430, 0.021942111, 0.028553428
527, -0.004620559, 0.032624463, 0.008504916, -0.014885459
528, -0.001352620, -0.009467342, 0.021458885, -0.006937532
529, -0.010661535, 0.026398524, 0.026980013, 0.008978811
530, 0.025180697, -0.006130306, 0.027128434, -0.012992976
531, 0.035559527, 0.005174025, 0.000574329, -0.004585525
532, 0.009715607, -0.000914720, 0.005595569, 0.026566456
533, 0.019274137, 0.031552126, 0.008680917, 0.021463231
534, 0.004616510, -0.005777117, 0.003714736, -0.002206739
535, 0.011823981, 0.008274525, 0.009786870, 0.036066078
536, -0.001810837, 0.032041259, 0.000614717, -0.000424543
537, 0.023467487, 0.029235911, 0.019365915, 0.005793010
538, -0.012270490, -0.011329106, -0.007586422, 0.002853543
539, 0.036969051, 0.005545049, -0.001728284, 0.037939027
540, -0.018655796, 0.011031271, 0.003001014, 0.013862813
541, -0.011449897, 0.012671682, -0.004590460, 0.025678126
542, 0.010930410, 0.016614461, -0.014763437, 0.019202999
543, -0.011927746, 0.026066941, 0.000714142, -0.000616735
544, 0.007777808, 0.038721665, 0.013369813, 0.012386822
545, 0.004094133, -0.013272103, 0.009274509, -0.012577816
546, 0.026781617, 0.022297133, 0.002130312, 0.033212124
547, -0.020975013, 0.017774964, 0.013669868, 0.037064032
548, 0.020513822, 0.004059139, 0.007560607, -0.011016713
549, 0.024820214, 0.012293970, 0.014664961, -0.012025396
550, 0.024758795, 0.022538494, 0.035324315, 0.026142645
551, 0.019601990, 0.029187820, 0.020635186, 0.031477066
552, 0.040886057, 0.027321914, -0.017539835, 0.016055681
553, 0.022158515, 0.023676659, 0.001100889, 0.034970268
554, 0.027774933, 0.025277470, -0.009892522, -0.011236196
555, 0.028376216, 0.017344149, -0.003152614, -0.013146744
556, 0.023420421, 0.012710275, 0.037814296, 0.033534295
557, 0.012917998, 0.007871243, 0.032433496, -0.010242403
558, 0.022422911, 0.018621492, 0.016837834, -0.001311501
559, -0.007446431, -0.002486165, 0.016083438, -0.000842124
560, 0.009688001, 0.013449909, 0.009295359, -0.008644645
561, 0.019341584, 0.001344692, 0.006231512, 0.005789645
562, -0.004614946, 0.009861934, 0.040185111, 0.033999853
563, 0.035970818, 0.015007271, -0.005065161, 0.015665030
564, 0.035048288, -0.011830126, 0.006053582, 0.024680056
565, 0.017578185, -0.007565449, 0.001698227, 0.010485495
566, 0.017694296, -0.006100758, -0.017458771, 0.018099386
567, 0.005536257, 0.015089043, 0.030477743, 0.039299280
568, 0.010396631, -0.010645648, 0.020736771, 0.026988637
569, 0.014348082, -0.009343734, 0.040845527, 0.021855007
570, 0.008797923, 0.028886772, 0.032386907, 0.010210076
571, 0.024916702, 0.023091415, 0.024729961, 0.015557507
572, 0.018529896, -0.006918514, 0.005825856, -0.014856102
573, 0.003159372, 0.001345187, -0.017443736, 0.035004391
574, -0.001737837, -0.008487805, -0.002964094, 0.014824562
575, 0.027969669, 0.039200169, -0.018522643, -0.012647362
576, 0.004118595, 0.004749468, -0.000054237, 0.017037277
577, 0.021084941, 0.031261852, 0.012977301, 0.015223193
578, -0.008897504, 0.003223945, -0.000875422, -0.011443937
579, 0.022480990, 0.015763483, -0.012314782, 0.036320987
580, 0.008481629, 0.024148779, 0.021468039, -0.005623261
581, 0.040994149, 0.015904395, 0.037268102, 0.029801944
582, 0.037518152, 0.019234373, 0.021820185, 0.018691596
583, -0.016925892, -0.005455503, -0.011487438, -0.008703616
584, -0.010182536, 0.011305254, -0.006467252, -0.000175220
585, 0.015807097, -0.009650442, 0.002979729, 0.011333718
586, -0.003614372, 0.008310051, -0.000434221, 0.003671699
587, 0.024856996, 0.009236334, 0.013614263, 0.022049579
588, 0.016278424, 0.005751814, -0.008268163, 0.039487717
589, -0.000507871, 0.025624512, -0.007666778, 0.028689511
590, -0.011925109, 0.037649374, 0.031693654, 0.042781162
591, 0.004263104, 0.026770446, 0.030725554, -0.001973560
592, 0.034939437, 0.009606726, 0.018724577, -0.010523953
593, 0.026231206, 0.021147436, 0.002761941, 0.004348148
594, 0.030701656, 0.003097775, 0.008275565, -0.004840002
595, 0.022263326, 0.004124272, 0.013361939, 0.042390771
596, 0.029142109, 0.004029612, -0.010474780, 0.024383825
597, -0.010801819, 0.024254395, 0.005619237, 0.019556163
598, 0.034999869, 0.038493090, -0.013414187, -0.005961873
599, -0.000832992, 0.034010671, 0.027700750, -0.011597043
600, 0.006472824, 0.002271361, -0.004864527, 0.013532781
601, 0.004545101, 0.012746726, 0.022543779, 0.030763725
602, 0.003085131, 0.034176365, 0.026758147, 0.002683949
603, 0.012843299, 0.025907281, 0.039725644, 0.012602464
604, -0.002909625, 0.002324737, 0.041363328, 0.020226934
605, 0.021855493, 0.018717053, -0.009510657, 0.009904137
606, 0.035585967, -0.011554002, -0.005546615, -0.005894321
607, -0.014334542, 0.018289454, 0.037215826, 0.009096652
608, -0.012046831, 0.024425841, 0.014403594, 0.017177153
609, 0.000383369, -0.002862532, -0.018218525, 0.005415622
610, 0.007187117, -0.013559643, -0.008405914, 0.011152329
611, 0.040216143, 0.008365290, 0.021132792, 0.021534403
612, 0.016153960, -0.000673570, -0.005960020, 0.019578740
613, 0.019079809, -0.008332921, 0.028802941, 0.022799637
614, 0.037298725, 0.003782227, 0.025766113, 0.006619958
615, -0.009435364, 0.033289159, 0.004134539, -0.004648315
616, 0.032060059, 0.004787343, 0.030751712, 0.019185617
617, 0.036125665, 0.011048351, 0.034739526, 0.022109355
618, 0.039290570, 0.021915340, -0.000139367, 0.006219017
619, 0.027846472, 0.002752786, -0.013195010, 0.032155608
620, 0.007007703, -0.001414484, 0.005982454, 0.005070401
621, 0.015379416, -0.015182123, -0.004539158, 0.010165874
622, -0.008234719, -0.016768393, 0.024974551, -0.001309386
623, -0.011952288, -0.011657030, 0.037798596, 0.015281423
624, 0.009847832, -0.004260254, -0.013175611, -0.007109026
625, 0.020554854, 0.037021204, -0.012805592, 0.019125546
626, 0.011637719, 0.024290529, 0.002626381, 0.012004526
627, -0.018057324, 0.028364872, 0.028439436, -0.003474805
628, 0.033282151, 0.023719455, -0.014213953, 0.021577597
629, 0.013632439, 0.026157854, 0.018272037, 0.002109516
630, -0.010762842, 0.031448454, -0.007505527, 0.025626869
631, -0.002803190, -0.001645412, -0.006575115, 0.019503852
632, 0.029506296, 0.014480702, -0.001727638, -0.015534098
633, 0.031129989, -0.012930071, 0.022901882, -0.002542875
634, 0.018488963, 0.009128547, 0.039271389, 0.031785770
635, 0.013150138, -0.000304754, 0.005034912, -0.002148194
636, 0.005396840, 0.002855311, 0.002514054, -0.018226722
637, -0.014469470, 0.002149715, -0.010267377, -0.004452898
638, 0.009305607, 0.037703715, -0.010991873, -0.016453253
639, 0.023776926, 0.001691357, 0.005303120, 0.016436060
640, -0.007454117, -0.005940050, 0.018685521, 0.022866202
641, 0.039485296, -0.012150599, 0.005167999, 0.015110511
642, -0.011271171, -0.000641764, 0.018320705, -0.010300178
643, 0.007193267, 0.027759489, 0.005099770, -0.008941796
644, 0.014599263, 0.024377687, -0.012519096, -0.002793716
645, 0.027595210, 0.010793901, 0.005541459, -0.004137110
646, 0.007749595, 0.010115525, 0.026547452, 0.029458691
647, -0.006694763, -0.000929056, 0.024033490, 0.038887477
648, 0.022911395, -0.001166351, -0.019524911, 0.022675541
649, 0.017749264, -0.012766992, 0.005285387, 0.027747721
650, 0.033113333, 0.012765187, -0.011460477, 0.037814975
651, 0.025421759, 0.006681778, 0.000503195, 0.014515904
652, -0.000717226, 0.015689114, 0.035380689, 0.009891316
653, 0.024395705, 0.011183258, 0.029048107, 0.009778486
654, 0.006286728, -0.006175816, 0.039264500, 0.019601589
655, 0.016375239, 0.023099387, 0.007679243, -0.002295463
656, 0.030509727, -0.003809098, 0.026666365, -0.014393601
657, 0.003893407, -0.008828223, -0.000019674, -0.004091830
658, 0.005162610, -0.015051619, 0.035898484, 0.011439065
659, 0.012703220, -0.000889821, 0.037993153, -0.006062598
660, 0.026811516, -0.005883639, -0.003356231, 0.014806990
661, 0.012728855, 0.040238698, 0.018235488, -0.016748782
662, -0.013484521, 0.022492328, 0.036576597, -0.005386820
663, 0.016720045, 0.027252799, 0.015804554, 0.006966355
664, -0.003673300, -0.012192967, -0.015279642, 0.006633714
665, 0.025632952, 0.018583656, 0.025416151, 0.031779180
666, 0.011263063, -0.005575398, 0.032991181, -0.000401562
667, 0.005981261, 0.031254112, -0.013287229, 0.010580012
668, 0.010073875, 0.000199564, 0.003026016, -0.005148343
669, -0.008823927, -0.002947452, 0.026251711, -0.014776292
670, 0.029145271, -0.005766470, -0.003847332, 0.036736770
671, -0.008015952, -0.001484053, 0.015794531, -0.005665145
672, 0.025744406, 0.024880573, 0.013885346, 0.030947342
673, -0.018403525, 0.036070518, 0.008230219, -0.009752325
674, -0.001792808, 0.021799503, -0.006312265, 0.033926724
675, 0.024889082, -0.004229325, -0.001667042, 0.009606203
676, 0.009540923, -0.016462443, 0.017842519, -0.003629850
677, 0.002040505, 0.004637304, 0.033767380, 0.039771965
678, 0.003321712, 0.029162028, 0.015944890, 0.000737047
679, 0.001258332, 0.005660110, 0.024502179, 0.030445525
680, 0.037242879, 0.016825565, 0.003220657, -0.004963088
681, -0.008900643, 0.018745599, 0.019310727, 0.008525428
682, 0.016442763, -0.007928393, 0.039800925, -0.001519255
683, 0.010815442, -0.007862812, 0.011599640, 0.018957591
684, 0.021937680, 0.017698028, 0.040443034, 0.015679700
685, -0.013104274, 0.025674730, 0.028208540, 0.033395397
686, -0.018933935, 0.019366498, 0.022212099, 0.012672860
687, 0.014903256, 0.011394294, 0.022183371, 0.011693777
688, 0.016787570, -0.004032559, 0.005968637, 0.008027512
689, 0.004318719, 0.029922380, -0.016009888, -0.000030820
690, 0.023129573, 0.001489490, 0.023815880, -0.011044186
691, -0.002685492, 0.027965977, 0.033071247, 0.007536117
692, -0.001935217, 0.031031974, 0.016753186, 0.012794840
693, -0.014375742, -0.011768004, -0.009645657, 0.030282716
694, 0.016668981, 0.019284769, 0.003783729, -0.016167270
695, 0.022329451, 0.017245967, 0.031905080, 0.000023785
696, 0.029191993, -0.006369121, 0.013652682, 0.010799357
697, 0.019076865, 0.003932075, 0.004647103, -0.015077283
698, -0.013223417, 0.032557809, 0.012703378, -0.006337769
699, 0.021175342, 0.008286199, 0.032225794, -0.005754359
700, 0.002644697, -0.002515365, 0.036618736, 0.017768840
701, 0.008127167, 0.011322893, 0.018030244, 0.004904018
702, 0.006844955, 0.005618801, 0.033135675, 0.039553192
703, 0.025431870, 0.004376112, 0.031960159, -0.003778255
704, -0.000161456, 0.024462421, -0.000616676, -0.005367766
705, -0.012153215, 0.001366939, 0.007256594, 0.019823700
706, -0.016466178, 0.035875886, 0.016188731, 0.021747348
707, 0.012814369, 0.027999417, 0.018758234, -0.001529971
708, 0.028036843, 0.031894205, 0.039256037, 0.020383564
709, 0.037244797, 0.037385053, -0.010949140, -0.006315137
710, 0.015854726, 0.020520632, -0.008806309, 0.013580237
711, -0.010211564, 0.036565106, 0.011132670, 0.018336667
712, 0.027548394, 0.031492655, 0.040414467, -0.000843250
713, 0.006776694, -0.009856349, 0.011612143, 0.005978718
714, -0.009264927, 0.004352909, 0.025047632, 0.037434970
715, 0.001283208, 0.023689912, 0.028335254, 0.035439540
716, 0.003306198, 0.027147789, 0.036142095, -0.000140076
717, 0.007091351, 0.000389089, 0.004773304, -0.013516316
718, 0.000909193, 0.008730302, 0.034013113, -0.002644758
719, -0.000552812, -0.008676908, 0.028545634, 0.021045214
720, 0.023255855, -0.009243456, -0.007993420, -0.011254186
721, 0.037224144, 0.013871437, 0.018154196, 0.004564537
722, -0.003412236, 0.017091133, 0.002785702, 0.002418620
723, 0.021302377, 0.018138300, 0.011578401, 0.004011890
724, 0.000396426, 0.019431496, 0.008275365, -0.016444198
725, 0.007476016, 0.003065870, -0.012485356, -0.013042988
726, 0.017034069, -0.004174523, -0.008204270, 0.035947814
727, 0.019503994, 0.035433860, -0.000987309, -0.001524727
728, 0.003673940, 0.012958665, 0.019964982, 0.002415641
729, 0.036811166, -0.015080361, 0.011879949, 0.013925979
730, 0.000167273, 0.036468348, 0.028441548, 0.025961991
731, 0.020751327, 0.003698478, -0.000720186, 0.005519767
732, -0.003907540, 0.007046957, 0.030137679, 0.010380232
733, 0.035549911, 0.028277261, 0.012564887, 0.033278644
734, 0.026496633, 0.037480700, -0.017530603, -0.010422903
735, 0.028455643, 0.030512138, -0.012053850, 0.024795822
736, 0.036016519, -0.015111993, 0.021124467, 0.021310061
737, 0.035884209, -0.001685598, -0.013681221, 0.006812853
738, 0.029126987, 0.007148574, 0.020535030, 0.033881014
739, 0.016274853, 0.004802216, 0.016857230, 0.037461005
740, 0.023503065, -0.010576731, 0.006342347, -0.009154825
741, -0.004863206, 0.011609723, 0.031662264, 0.006348766
742, -0.011911644, -0.003983311, -0.002766994, 0.030455403
743, -0.009991266, 0.011948713, 0.035123931, 0.022829399
744, 0.000968746, 0.007876255, 0.030378937, 0.013101528
745, -0.005944295, 0.000047509, 0.025347776, 0.015959087
746, 0.029080193, 0.009898623, -0.003628687, 0.029818688
747, 0.029780561, -0.006228466, -0.008073901, 0.036411829
748, 0.004057723, -0.010455444, -0.008003346, 0.002538906
749, -0.007044684, 0.037739215, 0.030251670, 0.020644955
750, 0.027249236, 0.031741611, 0.025306832, 0.034611010
751, 0.035107858, 0.015527118, 0.008659302, 0.018014032
752, 0.028639630, 0.003730930, -0.001791406, -0.006721420
753, 0.024805676, 0.016557637, 0.025559146, -0.010876010
754, 0.027871560, 0.005751546, -0.018270821, -0.015929297
755, 0.016570262, -0.001261852, 0.010124219, 0.026469688
756, -0.006365410, -0.003130968, 0.018791946, -0.009674674
757, 0.005106129, 0.009297006, -0.015261510, -0.008633497
758, 0.021372590, 0.016799902, 0.013287425, 0.026804365
759, -0.000009115, 0.031446536, 0.020593396, 0.020231101
760, 0.034178057, 0.032842870, 0.029531296, 0.013528587
761, 0.018216547, 0.029294077, 0.017568967, 0.030079249
762, 0.037316840, 0.005183993, 0.002092545, -0.002821878
763, 0.035941778, 0.015084635, 0.004111148, 0.032450065
764, 0.020267095, 0.012664361, -0.002487546, -0.016115120
765, 0.035721029, 0.008450013, 0.030923446, 0.011411107
766, -0.002048031, -0.002266120, 0.027957401, 0.018846885
767, 0.021577268, 0.031652914, 0.001278732, 0.036913871
768, 0.013653989, -0.000631275, -0.008837006, -0.002906595
769, -0.000507002, 0.017727507, 0.000683693, 0.005222234
770, 0.018863310, -0.011607004, 0.032364348, -0.003324376
771, -0.001548679, 0.000592461, 0.002289937, 0.026764636
772, 0.030667236, 0.030578044, 0.015070111, 0.010251097
773, -0.009459373, 0.029343650, -0.002785759, 0.023391605
774, -0.001503911, 0.022321766, 0.020350144, -0.003046080
775, 0.034758226, -0.012624102, 0.033306190, -0.012685757
776, -0.003764944, 0.005436585, 0.008843148, 0.008833448
777, -0.005717042, 0.011945075, 0.030013993, 0.003444262
778, -0.006731967, 0.011839571, -0.008951010, 0.002223823
779, -0.011436774, 0.013988221, 0.022183737, 0.008907953
780, 0.016188598, 0.016470709, 0.020997778, 0.036155900
781, 0.018595334, 0.032428810, 0.037181223, 0.017751946
782, 0.001086793, 0.008490270, 0.022273494, 0.015663022
783, 0.001218944, 0.013056129, -0.010310269, 0.025076532
784, 0.000900688, 0.007256875, 0.040877119, 0.022627248
785, -0.001184929, 0.011464495, -0.004244371, -0.010712725
786, 0.008851370, 0.027482906, -0.006935335, 0.011788738
787, 0.038680573, -0.016363347, 0.008737593, 0.010320625
788, 0.015382926, 0.032280815, -0.012346010, -0.005670697
789, 0.031169897, -0.022736604, 0.011813184, 0.012305631
790, -0.009384221, 0.031186930, 0.013984016, 0.021083441
791, 0.023637878, 0.038899162, 0.017506406, 0.035896004
792, 0.007899799, 0.039030815, -0.005111857, 0.002774737
793, 0.031715345, -0.010052161, -0.009596436, -0.008900530
794, -0.009206342, -0.009464930, -0.005245659, -0.006358102
795, 0.009450243, 0.020073682, 0.008622758, 0.032722517
796, -0.008880226, -0.013868603, -0.005074887, 0.017507308
797, 0.024105865, 0.023618143, -0.005125065, 0.022383406
798, 0.011002263, 0.019520098, 0.015400158, 0.027898945
799, 0.013958375, 0.013704891, 0.028932840, 0.001920266
800, 0.020213633, 0.029681374, 0.008777182, 0.033258254
801, 0.004579790, 0.012702123, -0.000838404, 0.025566612
802, 0.011435009, 0.002879615, 0.036751940, 0.004059038
803, 0.001932854, -0.006389809, -0.002883422, 0.035840486
804, 0.040563432, -0.016736851, 0.025003670, -0.006537056
805, 0.011181425, 0.021333193, 0.027685261, -0.011985667
806, 0.031871033, 0.024858489, 0.003337481, 0.022946955
807, 0.024853908, 0.010126360, 0.035939478, 0.018231804
808, -0.009661648, 0.003215591, 0.008742958, -0.008052697
809, 0.025415863, 0.020277261, 0.006428042, 0.006584229
810, -0.006221537, 0.013324926, -0.004970373, -0.009949406
811, 0.013498346, -0.011383499, 0.030256291, 0.007986618
812, 0.024665717, 0.022743732, 0.008251803, 0.017793662
813, -0.013167554, 0.016185132, 0.012203069, 0.017068881
814, 0.008277989, 0.007703092, -0.002226768, 0.030882862
815, 0.018156825, -0.010022968, -0.006712531, 0.018839192
816, 0.004820665, 0.021498177, 0.019519845, 0.027697978
817, 0.013277349, 0.013866767, 0.012959080, 0.029407849
818, 0.016320272, -0.006855069, 0.015175956, 0.020060566
819, 0.036564451, -0.017174127, 0.037901120, 0.002918284
820, 0.010121639, 0.010700134, 0.004883404, -0.002218099
821, -0.004274570, -0.004536717, 0.019079408, 0.028617025
822, -0.015592426, 0.023033714, 0.009565762, -0.011201126
823, 0.020449572, -0.002247425, -0.016590072, 0.011373048
824, 0.024337813, -0.000669021, 0.017667998, 0.002868087
825, -0.009758586, 0.036025494, 0.034385027, -0.005044474
826, 0.027272508, -0.014938047, -0.014616097, 0.035905570
827, -0.005754766, 0.005795054, 0.001452944, 0.014793306
828, 0.032781145, 0.014154628, 0.008181992, 0.023219063
829, 0.026731540, -0.010822326, 0.006068380, -0.001575361
830, -0.008542335, 0.020112451, 0.005157008, 0.011928221
831, 0.019718754, 0.003910752, 0.003035908, 0.032212972
832, 0.036812009, 0.027013924, 0.017267139, 0.015738907
833, -0.007091850, -0.004158800, 0.013283868, 0.014545114
834, 0.036783640, 0.029513492, 0.005857223, -0.008191527
835, 0.013221664, 0.023442374, -0.002609135, 0.032803671
836, -0.015421799, 0.000654197, 0.019227008, 0.032614358
837, 0.006892033, 0.038687148, 0.021319075, -0.004518184
838, -0.008024804, 0.000680488, -0.006311007, 0.002607820
839, 0.023854695, 0.037506511, -0.009798125, 0.022669369
840, 0.029791669, -0.001046237, 0.019867794, 0.000419397
841, 0.033406579, 0.023450035, 0.011571451, 0.014968852
842, 0.005666951, 0.013251326, 0.036139471, 0.004872963
843, -0.002144314, 0.005543573, 0.007967178, -0.009371511
844, 0.034820322, -0.009220829, 0.018741415, -0.010568894
845, -0.012594968, 0.030286932, -0.010641330, 0.027585562
846, 0.021176790, 0.036922629, 0.037898050, -0.007124005
847, 0.011954295, 0.024309141, 0.028632924, -0.001087322
848, -0.015387528, 0.015390366, 0.032455482, 0.015171081
849, 0.015294958, 0.008167964, -0.001073309, 0.001526649
850, 0.002998103, 0.020534749, -0.007914098, 0.009147351
851, -0.012097144, 0.032989689, 0.030295106, -0.004411319
852, -0.008011454, -0.000556302, -0.009698049, -0.014313542
853, -0.001175508, 0.001047198, 0.030102585, -0.001150651
854, 0.009754233, 0.006337958, -0.003444590, 0.020227795
855, -0.016120201, 0.036037495, -0.007642086, 0.003978894
856, 0.023942796, -0.004426500, 0.003939929, 0.007134835
857, 0.015266979, -0.013928930, 0.034250499, -0.003184201
858, 0.026031972, 0.027076165, 0.017963480, 0.019404813
859, 0.023075083, 0.014275809, -0.000449134, -0.011377078
860, -0.003757133, 0.009424629, 0.027983708, 0.028288957
861, 0.018776639, 0.024305267, 0.011041938, -0.010541669
862, 0.022948162, -0.002011902, 0.037495857, 0.019353623
863, 0.031102279, 0.001216898, 0.026186810, 0.009892277
864, -0.006257744, 0.023312225, 0.003369845, 0.038983860
865, 0.004667495, 0.007465456, 0.020573648, 0.024058477
866, -0.002760950, 0.020726050, -0.018928161, -0.009542408
867, -0.002682001, -0.008629420, -0.001450203, 0.010068178
868, -0.004967348, -0.010036244, 0.037880049, 0.026564456
869, 0.034317056, 0.028501345, 0.006264518, 0.007287553
870, 0.001445860, 0.019675029, 0.039966081, -0.009393126
871, 0.015351775, 0.003979515, -0.003361433, 0.006110042
872, -0.005246532, 0.038388375, 0.018122752, 0.000751105
873, 0.000223419, 0.007220065, 0.038861040, 0.024921248
874, 0.010407401, 0.018604158, 0.026646357, 0.033415358
875, 0.015462667, -0.001316537, 0.035513256, -0.007044774
876, 0.014369081, -0.012147877, 0.039620041, -0.012375125
877, -0.013265261, 0.030202672, 0.016757762, 0.017165842
878, 0.021781727, 0.004068734, -0.010838231, -0.008567335
879, 0.031039225, -0.001168546, 0.017664000, 0.013913424
880, 0.016345951, 0.006794005, 0.024292556, 0.036626100
881, 0.013362992, 0.027505401, 0.013789276, 0.024386119
882, 0.033349552, 0.018843590, 0.023502964, 0.012263385
883, 0.009573032, 0.019835023, 0.013213942, 0.036306881
884, -0.001870126, 0.013475659, -0.002439620, 0.028049765
885, 0.032111712, -0.006915326, 0.033980862, 0.000306545
886, 0.020169148, 0.003518901, 0.004433574, 0.014861710
887, 0.003422751, 0.021875190, 0.037855144, 0.036481805
888, -0.008316193, 0.025152838, 0.039443242, -0.003573151
889, 0.029796522, 0.000990636, 0.029561524, -0.004481076
890, 0.022075971, 0.032997761, 0.000704645, 0.021488777
891, 0.000707388, 0.019102373, -0.010372785, 0.026949160
892, -0.011351358, 0.030997899, -0.013952226, 0.038369060
893, -0.009389122, 0.000411217, -0.017987007, 0.038045755
894, -0.003980902, 0.001155646, 0.006504183, -0.012585841
895, 0.017064463, 0.002005224, -0.000931810, 0.041803168
896, -0.002532578, -0.009164916, 0.014952861, -0.005626051
897, -0.004782804, -0.017688885, -0.010227495, -0.007376271
898, 0.038060954, 0.001882009, 0.007165516, 0.035147371
899, 0.015170414, 0.039682308, 0.021080348, 0.029430034
900, 0.010275734, -0.001808562, 0.008678220, -0.002811432
901, 0.018690851, -0.011538349, 0.013353994, 0.012135503
902, 0.011041903, 0.013952084, 0.006189453, -0.010263301
903, 0.014477655, -0.013381797, 0.034557128, -0.001062165
904, -0.011274532, 0.030062598, 0.025630899, -0.007252877
905, 0.022875340, 0.035105611, -0.009082308, -0.005020986
906, 0.014244974, -0.005196172, 0.015500157, -0.000797513
907, -0.001645745, -0.004987201, 0.014906750, 0.022208268
908, 0.014226886, 0.028212417, -0.001955150, 0.005904469
909, 0.029507458, 0.030088774, -0.011116291, -0.004462890
910, 0.001840532, -0.014244363, 0.037892091, 0.002636158
911, -0.015398760, 0.010567617, 0.028723437, 0.016385649
912, 0.006267572, 0.027074585, 0.019494226, 0.034367354
913, -0.003302172, -0.010748911, 0.009009341, -0.012284745
914, 0.030653221, 0.014028429, 0.033133825, 0.004816691
915, -0.015518393, 0.017501266, 0.028011741, 0.003377795
916, 0.010865079, -0.014481688, 0.026387002, 0.000743331
917, 0.006488940, -0.001965738, 0.008751712, 0.039039812
918, 0.014785619, -0.009414789, 0.012401798, 0.001139363
919, 0.036659212, 0.011890413, 0.033724026, -0.016080726
920, 0.036473806, 0.022411654, 0.032730719, -0.006611636
921, 0.032437113, 0.015016608, 0.004709976, 0.002345223
922, 0.006482244, -0.009846859, 0.020303062, -0.007191875
923, 0.027128596, -0.007301856, 0.025117210, 0.024860318
924, 0.005445407, 0.030877440, 0.008013232, 0.021530976
925, -0.001620313, 0.028458360, 0.023925356, 0.001214930
926, -0.014286510, 0.002196809, 0.026415208, 0.031925461
927, 0.032807551, -0.006752925, 0.025656328, -0.009202725
928, 0.031589529, 0.002641714, -0.010639472, 0.028063243
929, 0.013668125, 0.019582293, 0.010947291, -0.008497462
930, 0.017928252, 0.035987541, -0.010576783, -0.008342683
931, 0.005605163, 0.018375960, 0.011586923, 0.010691166
932, 0.034400955, -0.017328579, 0.013190518, 0.026957923
933, -0.002317518, -0.006508499, 0.032438848, 0.013213313
934, -0.008317612, -0.005357254, 0.038118012, 0.008880156
935, 0.019845486, -0.013518407, 0.018898524, 0.013985229
936, -0.007960347, 0.017800917, 0.015802344, -0.009754351
937, -0.003143515, 0.035760122, 0.027935366, 0.026634478
938, 0.034180548, 0.019168549, 0.035773963, 0.038382580
939, 0.001328046, 0.005338934, 0.020444810, 0.022600224
940, 0.012793162, 0.013196229, -0.013259680, 0.024603755
941, -0.000554723, -0.005924421, -0.000804634, 0.016815482
942, 0.019567726, 0.000136517, 0.021296003, -0.010816969
943, -0.015578306, 0.030443378, -0.005583509, -0.010423944
944, -0.005267636, 0.033028384, -0.003504935, -0.000154614
945, 0.000131065, 0.005101020, -0.000021268, 0.024393871
946, 0.018823232, 0.005473113, 0.035976202, 0.002734954
947, 0.014703187, 0.003172068, 0.012264290, 0.016476782
948, 0.022079166, 0.029950854, -0.007751102, 0.028151645
949, 0.037710843, -0.004453824, 0.029229537, 0.029113202
950, -0.014205070, -0.015847771, -0.002577355, -0.003852079
951, -0.008672542, 0.001547891, 0.015118996, 0.014614948
952, 0.019561708, 0.007451246, -0.006121807, 0.017630692
953, 0.021804023, 0.040349512, 0.012761380, -0.013955979
954, -0.002759918, -0.013456897, 0.035287067, 0.029282740
955, 0.007459303, 0.010163983, 0.017629543, 0.001680314
956, -0.009391405, -0.019885012, -0.000591509, 0.039797845
957, 0.003020952, 0.034351138, -0.002417763, -0.016707819
958, 0.029149307, 0.001535026, -0.012583272, 0.029965932
959, -0.003748548, -0.005261657, 0.034719728, 0.028991232
960, 0.004138502, 0.001172439, 0.024096613, 0.004851666
961, 0.002989190, -0.015390339, 0.012477097, 0.014898950
962, 0.007125930, -0.018246938, 0.010663162, 0.029921567
963, 0.006712265, 0.038634334, -0.012450589, 0.029694731
964, -0.000175883, 0.004147317, 0.006428766, -0.012318341
965, -0.010666917, 0.035235856, 0.016437182, -0.008254115
966, -0.000780684, -0.012265347, 0.036560021, 0.016718759
967, -0.006274964, 0.001236813, 0.026185213, -0.016851945
968, 0.014149144, -0.004402116, 0.031346195, -0.003773637
969, 0.033037935, 0.015967036, 0.014427200, 0.011953823
970, 0.009226745, 0.021067968, 0.008655507, -0.008111542
971, 0.012684640, -0.008816954, 0.019477128, 0.017959895
972, -0.002663596, 0.008152967, 0.004342716, 0.033850936
973, -0.006543075, 0.033966558, -0.005120381, 0.031026767
974, 0.036034661, 0.007676393, -0.007577870, 0.004741317
975, 0.002948155, 0.025089485, -0.002438360, 0.012143294
976, 0.000131952, 0.011297063, 0.015043809, -0.014335646
977, 0.013426758, 0.032724601, 0.017285256, 0.020638588
978, 0.004511188, 0.015426148, 0.023944640, 0.027787434
979, -0.012970854, 0.013731314, -0.003433005, 0.023888998
980, 0.034655525, 0.006557238, -0.014942038, 0.002290767
981, 0.000007459, 0.015538698, -0.018548534, -0.005971469
982, 0.033798858, 0.013468967, -0.003464627, 0.019129038
983, 0.025749363, 0.026982862, -0.006527647, -0.000514564
984, -0.015540774, 0.021912250, 0.022517687, -0.007602642
985, -0.010224413, 0.008124260, 0.022094395, 0.033967619
986, 0.021801766, 0.025644190, 0.017212720, 0.034058440
987, -0.012261322, -0.002250201, 0.024960513, 0.010111105
988, 0.020450608, 0.028384862, 0.030358995, 0.005640258
989, -0.006298753, 0.001584829, 0.003047232, 0.029813718
990, 0.033177340, 0.026418475, 0.019947062, 0.027567811
991, 0.031373826, -0.003674693, -0.006362525, 0.037411294
992, 0.036443843, 0.000423325, 0.034657461, 0.021669526
993, -0.007699167, -0.006091585, 0.023857042, 0.011360605
994, 0.005554179, 0.003593014, -0.013879586, 0.005241142
995, -0.012316018, 0.037848954, 0.014969329, 0.011465376
996, -0.015521780, 0.012302956, 0.031372819, 0.010388481
997, 0.003196801, 0.030361408, 0.033478265, -0.010442260
998, 0.008547616, 0.028391156, -0.000311319, 0.040564595
999, 0.021708767, -0.014470354, 0.007714528, 0.012349370
1000, 0.005167735, 0.003134686, 0.002303052, 0.013026730
